1 198
2 69 5 54
3 39 96
4 44
5 54 68
6 188 181 35
7 120 125 78
8 165 72 154
9 47 53
10 72 154 86
11 82 121
12 89 1 198
13 123
14 52
15 196 178
16 42 55 46 74
17 67 149 94
18 163
19 88 70 13
20 48 56 62
21 125 78 50
22 35 27 34
23 71 16
24 119
25 98 151
26 184 107 134
27 103 195 170
28 136 89
29 37 92
30 174 127
31 81
32 11
33 106 161
34 195 170 147
35 27 195
36 183 84 159
37 191 92 115
38 17 67 138
39 121 164 96
40 109 114
41 113 185
42 55 46 74 145
43 172 182
44 23 71 42
45 101
46 74
47 53 171 200
48 56 62
49 68 111 80
50 45 152
51 151 88 70
52 15 178
53 171 200 141
54 49 68 111 64
55 46 145 139
56 62 193 118
57 32 82
58 12 89 1 198
59 93 99 108 150
60 43 172
61 24 119
62 193 118 192
63 104 102
64 80 100 130
65 7 120
66 144 77
67 138 149 94
68 111 64 100
69 5 54
70 137 123
71 16 55 46
72 154 126 86
73 66 76 140
74 145 139
75 142 155 169
76 140 77
77 91 30
78 50 101 177
79 122 157 75 142
80 100 130 6
81 156 158 18
82 3 121 164
83 148 41 113 90
84 159 166 194
85 92
86 26 184
87 4 23 71
88 70 137 123
89 1 198 129 2
90 95 185 176
91 30 174 127
92 115 66
93 99 108
94 131 109 114
95 185 176 32
96 180 112
97 28
98 160 51 19
99 108 150 186
100 116 130
101 177 20
102 61 24
103 34
104 102 61 119
105 168 79 122 157
106 161 124 8
107 134 60
108 150 189 97
109 114 143 29
110 158 18 163
111 64 116
112 105 79 122
113 90 95
114 143 128 29 37
115 73 66 144
116 130 6
117 14 196
118 192 36 183
119 25 160
120 21 125 50
121 164 180
122 157 75 142 162
123 175 199 31 81
124 8 165 10
125 78
126 86 184 135
127 59 93 99 108
128 29 37
129 2 54
130 6 188
131 40 109
132 153 167
133 190 167
134 60 43 182
135 107
136 58 12
137 13 123
138 149 94
139 173 17
140 77 91 30
141 63 61
142 162
143 128 29 37
144 76 140 91
145 139 173 17
146 166 33 106
147 83 148
148 41 113
149 94 109
150 189 97
151 19 70 137
152 20
153 133 190
154 126 26
155 169 120
156 110 163
157 75
158 18 87
159 146 166 194
160 51 151 19
161 124
162 155
163 87 4 44 23
164 96 112
165 10 72 154 126
166 194 106 161
167 9 47 53 171
168 79 157 75
169 65 7 120 21
170 147 148
171 200 63 104
172 182 14 52
173 38 67
174 187 127 59 93
175 199 81
176 57 32 11 82
177 152 48
178 197 132
179 132 133 190
180 112 105 79
181 22 27 103
182 117 14 52
183 84 159 146
184 135 134
185 176 57 11
186 97 28 136 58
187 127 59 99
188 181 35 27
189 186 97 28 136
190 167 53
191 85 115
192 36 183 159
193 118
194 33
195 170 83
196 178 197 132
197 179 133
198 129 2 69
199 31
200 141 102