1 26 220 149
2 193 152 204
3 76 138
4 288
5 154 181 52
6 88 67 96
7 224 271 203
8 183 46 251
9 122 77 274
10 141 79
11 194 41
12 116 262 170
13 14 228 72
14 228 72 17
15 97
16 34 43 292
17 284 33 103 277
18 98 295 11
19 75 58 148
20 235 289 85
21 184 147 63 248
22 32 176
23 161 155 8
24 3 138
25 83 5
26 220 149 268
27 137
28 67 96 182 111
29 153 205
30 167 298 216 109
31 287 139
32 176 267 146 64
33 103 277
34 43
35 217 91
36 179 80
37 139 133 49
38 42 84 157
39 74 14 228
40 23 161
41 150 113
42 84 162 269
43 48 95
44 69 89
45 61 82 238
46 251 276 192 24
47 105 241 196
48 292 95 27
49 121 10 141
50 247 30 167
51 253
52 60 245 65 1
53 92 29 266
54 129 6 88
55 280 239 259 299
56 160 201 184
57 94
58 148 241
59 95 27
60 245 26
61 82 242
62 156 151
63 248 129
64 215 143 214
65 1 26
66 214 36 175
67 96 182
68 209 125
69 206 89
70 177 92
71 108 172
72 17 103
73 123 200
74 13 14
75 202 148
76 145 138 261
77 274 254 252
78 278 113 86
79 246 273 158
80 44 69
81 12 100 262
82 242 238 219
83 5 181
84 162
85 127
86 226 93
87 10
88 28
89 16 34
90 271 178 290
91 55 280 259
92 29 199
93 244 222 233
94 56 201
95 27 71 108
96 182 163 166
97 168 134 42
98 258 295 11
99 174 132
100 262
101 225 208 173 118
102 286 156
103 277 270
104 190
105 241 9
106 172
107 99 255
108 106 172 159
109 249 243
110 20 235 289
111 163 166
112 15 134
113 256
114 115 31 287 37
115 31 139
116 100 262 170 124
117 189 221 35
118 257 260 81
119 198 51 25
120 79 273
121 87 141
122 291 274
123 297 101
124 104 190
125 152 73
126 120 79 273
127 19 75 58
128 7 90
129 6 88 28 67
130 68 209 2 193
131 140 40 23
132 102 286 62 156
133 49 121 87 10
134 38 42
135 130 68 209 2
136 164 144 240 300
137 71 106 172
138 261 117
139 133 49 87
140 40 155
141 126 120 246
142 263 234
143 66 36
144 240 300 115
145 138 261 279
146 64 215 143 66
147 63 248
148 47 105 241 196
149 282 268 18
150 78 278 113 256
151 275 236
152 204 123 297
153 266 205 232
154 181 60 245
155 264 8 183
156 188
157 269 191 135
158 39
159 131 140 40
160 201 147
161 155 264 183
162 157 135
163 166 293
164 144 240 300 114
165 72 284
166 185 171
167 298 216 249
168 134
169 210 22 32
170 124 104
171 187 197
172 285 159
173 118 260 207
174 255
175 80
176 267 146 64
177 250 53 29
178 290 218 142
179 175 80 69
180 171
181 52 245 65
182 111 163 166
183 46 192
184 147 248
185 293 180 187
186 197 195 169
187 186 229 195
188 151 275
189 230 35 217
190 272
191 135
192 24 145
193 125 152 204 73
194 283
195 169 210
196 231 291
197 229
198 51 25
199 205 136
200 101 225 173
201 21 184 147 63
202 58 148 105
203 178 290 218
204 73 297 200
205 232 164 144
206 89 43
207 81 116
208 173
209 2 193 125 152
210 22 32 267
211 117 221
212 57 56
213 18 98 295
214 36 179
215 143 214
216 109
217 91 55 280 239
218 142 263 234
219 50 30
220 149 268
221 35 217 91
222 233 212 57
223 234 177 250
224 90
225 208 173
226 93 222
227 289 127
228 165 72 17 284
229 195 169 210 22
230 221 35 217
231 9 122 291
232 136
233 212 94
234 70 250
235 227 289 85
236 237 265 15
237 265 112
238 219 50 247
239 259
240 300 114 115
241 196 231 122
242 238 247
243 107 174
244 222 212 57
245 65
246 273 158 74
247 30 216
248 54 88
249 243
250 53
251 276 3
252 4 288 128 7
253 25
254 252 288
255 132 102 286 62
256 86 226 93
257 260 81
258 295
259 299 45 61
260 207 116
261 279 211 117
262 170 190
263 223 234 70 177
264 8 251
265 112 97
266 199 205 232
267 146 143
268 213 18 258
269 191 135 130
270 296 119 51
271 203
272 110 235 227
273 158 39 74 13
274 254 4
275 236 112
276 192 24 3 76
277 270 296 119 198
278 113
279 211 189 230
280 239 299
281 218 263 223
282 268 213 98
283 294 41 150
284 33 103 277
285 159 131
286 62 156 188 151
287 37 133
288 128 7 224
289 85 19
290 281 218 142
291 77 274 252
292 59 27
293 180 187
294 41 278
295 11 194 294
296 119 198 51
297 200 101 225 208
298 216 109 243
299 45 61
300 114 287