1 43
2 27 46 18 50 5
3 1 46 28
4 41 44 11
5 4
6 21 47 18 4
7 35 15 50 9 3
8 10 23 41
9 26
10 18 32
11 33 5
12 50 41 8 48 37
13 9 3 11 39 25
14 19 32 42 20
15 40 31
16 11 19 49 19 29
17 42
18 7 13 11 19 3
19 47 16
20 34 40
21 32 42 26 5 47
22 31 25
23 20 2 35 37
24 36
25 12 4 13 9 1
26 2 24 21 22 6
27 46 10 17 21 32
28 49 33 9 26 34
29 17 5 46 36
30 44 48 24
31 29
32 37 8 8
33 25 22 38 37 46
34 16 12 37 46 45
35 13 21 47
36 6
37 15
38 39
39 22 16 44 4
40 8 50 21 12 1
41 48 23 15 8
42 28 1 5 28
43 23 20 34
44 5
45 30 37 23 48
46 45 20 30 12
47 3 1
48 14
49 24 11
50 38 7 35
